167171
0	0.0

1	0.0

2	0.0

3	0.0

4	0.0

5	0.0

6	0.0

7	0.0

8	0.0

9	0.0

10	0.0

11	0.0

12	2.9909493871544705E-5

13	4.785519019447153E-5

14	9.571038038894306E-5

15	2.632035460695934E-4

16	3.8284152155577223E-4

17	6.580088651739835E-4

18	9.511219051151216E-4

19	0.0011485245646673168

20	0.0012980720340250403

21	0.0018005515310669912

22	0.002129555963653983

23	0.002237230141591544

24	0.0023807957121749585

25	0.002572216472952845

26	0.0029849674883801617

27	0.002961039893282926

28	0.003140496856512194

29	0.003565211669488129

30	0.0033977185038074785

31	0.003325935718515771

32	0.003870288506977885

33	0.0041394739518217875

34	0.004289021421179511

35	0.0041753653444676405

36	0.004061709267755771

37	0.004468478384408779

38	0.004384731801568454

39	0.004259111927307966

40	0.00462998965131512

41	0.005000867375322275

42	0.005234161427520323

43	0.005030776869193819

44	0.005078632059388291

45	0.005030776869193819

46	0.0052521071238432505

47	0.005449509783395446

48	0.005712713329465039

49	0.0056289667466247134

50	0.0056588762404962585

51	0.005790478013531055

52	0.005575129657655933

53	0.005216215731197397

54	0.005503346872364226

55	0.005886188393919998

56	0.005551202062558698

57	0.005904134090242925

58	0.005569147758881624

59	0.005461473580944063

60	0.0051205053508084535

61	0.005605039151527478

62	0.005264070921391868

63	0.0051205053508084535

64	0.004976939780225039

65	0.005108541553259836

66	0.005264070921391868

67	0.004941048387579186

68	0.004839356108415934

69	0.0050188130716452015

70	0.004318930915051055

71	0.0045462430684747954

72	0.004905156994933332

73	0.004552224967249104

74	0.004426605092988616

75	0.004522315473377559

76	0.004432586991762926

77	0.00462998965131512

78	0.004504369777054633

79	0.004737663829252682

80	0.004402677497891381

81	0.004779537120672844

82	0.004426605092988616

83	0.004492405979506015

84	0.004624007752540811

85	0.004821410412093006

86	0.004492405979506015

87	0.004941048387579186

88	0.004552224967249104

89	0.004312949016276746

90	0.00429500331995382

91	0.004247148129759348

92	0.00446249648563447

93	0.0037147591388458526

94	0.0039360893934952835

95	0.0035771754670367467

96	0.003541284074390893

97	0.003457537491550568

98	0.003260134831998373

99	0.003469501289099186

100	0.0031345149577378852

101	0.0030926416663177225

102	0.0031943339454809745

103	0.003224243439352519

104	0.0029730036908315436

105	0.0030866597675434137

106	0.0029909493871544705

107	0.002841401917796747

108	0.002817474322699511

109	0.0027815829300536577

110	0.003152460654060812

111	0.003260134831998373

112	0.0036011030621339825

113	0.00355922977071382

114	0.003930107494720975

115	0.0034156642001304054

116	0.0036968134425229256

117	0.0035891392645853648

118	0.003457537491550568

119	0.0033977185038074785

120	0.0034336098964533324

121	0.0035353021756165844

122	0.0036788677461999987

123	0.003750650531491706

124	0.0037386867339430883

125	0.004199292939564877

126	0.003995908381238373

127	0.004372768004019836

128	0.004235184332210731

129	0.004731681930478372

130	0.005180324338551543

131	0.004976939780225039

132	0.0054255821882982095

133	0.005066668261839673

134	0.005072650160613982

135	0.005611021050301787

136	0.005599057252753169

137	0.005892170292694307

138	0.005724677127013657

139	0.005700749531916421

140	0.005910115989017234

141	0.006586070550514144

142	0.006717672323548941

143	0.006986857768392843

144	0.006939002578198372

145	0.006903111185552518

146	0.0071782785291707295

147	0.007172296630396421

148	0.006956948274521298

149	0.006376704093413331

150	0.00598788067308325

151	0.005634948645399022

152	0.005617002949076096

153	0.00547941927726699

154	0.005467455479718372

155	0.005282016617714795

156	0.004827392310867315

157	0.00446249648563447

158	0.00378654192413756

159	0.003427627997679023

160	0.0029311303994113812

161	0.0027995286263765846

162	0.0024824879913382105

163	0.002554270776629918

164	0.002536325080306991

165	0.002225266344042926

166	0.0021594654575255276

167	0.0023030310281089423

168	0.0022791034330117066

169	0.002135537862428292

170	0.002135537862428292

171	0.002165447356299837

172	0.0020577731783622756

173	0.002111610267331056

174	0.002003936089393495

175	0.0019919722918448775

176	0.0019142076077788611

177	0.0017706420371954466

178	0.0019919722918448775

179	0.001842424822487154

180	0.0020158998869421133

181	0.0018603705188100807

182	0.0017646601384211375

183	0.0019680446967476417

184	0.002027863684490731

185	0.0019201895065531702

186	0.0022731215342373977

187	0.0024047233072721943

188	0.002673908752116097

189	0.002518379383984064

190	0.0025602526754042267

191	0.0029670217920572347

192	0.003140496856512194

193	0.0033977185038074785

194	0.003553247871939511

195	0.0037985057216861776

196	0.0037027953412972344

197	0.00446249648563447

198	0.00446249648563447

199	0.005162378642228616

200	0.005210233832423088

201	0.005617002949076096

202	0.005832351304951217

203	0.006292957510573006

204	0.005299962314037722

205	0.005587093455204551

206	0.006029753964503413

207	0.0071483690352991845

208	0.008123418535511542

209	0.00802172625634829

210	0.007961907268605201

211	0.007878160685764876

212	0.006765527513743413

213	0.007638884734792518

214	0.010079499434710567

215	0.009977807155547315

216	0.007130423338976258

217	0.006203229028958372

218	0.00632884890321886

219	0.007644866633566827

220	0.008548133348487476

221	0.0071483690352991845

222	0.007262025112011054

223	0.008123418535511542

224	0.006807400805163575

225	0.005072650160613982

226	0.003870288506977885

227	0.003182370147932357

228	0.0046120439549921935

229	0.005443527884621137

230	0.003756632430266015

231	0.004749627626801299

232	0.003989926482464064

233	0.0033139719209671534

234	0.00446249648563447

235	0.004988903577773657

236	0.0024884698901125194

237	0.0029311303994113812

238	0.007130423338976258

239	0.0044086593966656895

240	0.006460450676253657

241	0.0026978363472133326

242	0.0019800084942962594

243	0.002350886218303414

244	0.0026918544484390234

245	0.002572216472952845

246	4.4266050929886165E-4

247	2.3927595097235765E-5

248	1.7945696322926824E-5

249	5.981898774308941E-6

250	1.1963797548617882E-5

251	5.981898774308941E-6

252	5.981898774308941E-6

253	0.0

254	0.0

